229
223
207
71
146
240
96
13
106
144
36
257
76
206
208
192
22
245
143
179
169
163
66
237
226
61
89
63
241
175
253
199
233
37
68
16
83
242
198
111
215
92
222
252
218
161
135
145
170
118
214
166
188
44
86
239
186
151
97
213
11
33
168
246
181
52
195
152
129
228
184
114
64
178
211
24
26
29
45
116
235
183
101
176
69
74
91
72
136
31
27
47
164
93
117
127
250
17
142
88
210
49
126
212
191
123
113
98
193
122
221
8
162
67
173
205
119
150
38
247
147
10
255
227
153
46
230
137
3
100
70
224
23
251
54
14
40
90
94
219
121
196
115
236
25
35
75
259
160
149
59
105
65
154
55
60
172
234
131
157
73
174
57
85
82
80
120
134
177
4
187
50
231
185
56
216
197
104
232
108
125
7
167
58
139
124
5
194
190
6
42
140
87
34
248
109
48
220
256
260
155
132
158
141
263
18
2
204
21
12
41
171
78
180
217
133
79
107
95
249
165
15
130
156
262
264
39
28
265
200
225
182
209
1
112
51
254
77
202
261
43
201
19
9
128
62
243
99
53
148
189
102
20
244
159
32
81
84
258
203
30
238
138