32
178
42
193
149
9
183
118
172
186
158
89
242
27
93
15
85
119
235
212
74
144
194
251
10
201
139
98
236
205
116
241
69
185
54
105
100
132
92
182
252
174
99
148
49
134
189
141
168
167
122
37
20
67
45
130
91
156
104
113
152
140
117
35
52
36
22
5
234
191
245
50
237
233
165
255
196
81
206
180
197
143
94
33
55
6
138
28
190
29
166
4
247
195
109
7
41
71
60
78
80
210
133
145
258
107
164
17
159
115
257
79
114
97
223
40
192
217
21
147
90
229
1
101
146
3
213
253
244
86
102
108
106
2
61
82
72
96
75
24
260
135
203
30
176
214
188
155
179
256
23
121
263
224
169
12
153
111
51
76
25
136
177
226
127
215
219
184
68
43
249
265
57
200
19
170
87
209
250
137
207
120
264
13
218
18
26
46
199
162
204
208
187
238
70
126
262
222
154
230
239
112
221
84
63
142
129
254
73
65
211
173
58
248
246
181
124
8
16
228
131
225
202
259
171
64
261
39
227
198
123
95
125
157
38
150
231
62
240
128
216
243
14
34
59
161
88
220
56
11
48
232
175
31
53
83
77
160
44
151
163
47
66